6
3 3 3 3 3 3
0 22191135 19373138 51129615 61235516 43996139
22191135 0 21123285 66695322 49937370 56666338
19373138 21123285 0 5165453 17575281 11903857
51129615 66695322 5165453 0 5127107 28056043
61235516 49937370 17575281 5127107 0 28340545
43996139 56666338 11903857 28056043 28340545 0
